a0 <-
0.001
a_p2 <-
0.001
a_p3 <-
0.001
b_comm <-
0.001
b_noso <-
0.001
b_staff <-
0.001
b_comm_p2 <-
0.001
b_noso_p2 <-
0.001
b_staff_p2 <-
0.001
b_comm_p3 <-
0.001
b_noso_p3 <-
0.001
b_staff_p3 <-
0.001
