a <-
0.001
b <-
0.001
c <-
0.001
d <-
0.001
